0 1298 386 71 109 0 130 37 55 104 76 89 47 0 94 114 55 349 136 99 85 600 354 284 148 
1 1275 372 95 128 0 130 37 55 0 94 114 56 105 77 88 47 349 134 98 86 581 353 248 154 
2 1250 364 113 136 0 130 37 55 350 134 96 86 0 94 115 56 105 76 88 48 526 355 287 144 
3 1215 349 157 166 0 130 37 56 353 133 94 85 0 93 115 56 106 76 87 48 504 355 256 145 
4 1197 346 181 171 0 130 37 57 351 133 96 87 0 94 113 56 106 76 86 48 452 357 286 142 
5 0 130 37 56 351 132 96 89 0 94 113 56 106 76 85 48 1175 343 194 166 424 363 265 128 
6 347 133 100 83 0 130 38 57 1 94 110 55 107 77 85 48 382 365 277 133 1154 343 222 170 
7 349 135 99 77 0 130 37 57 1 94 108 55 107 77 84 48 1121 339 257 163 346 359 275 139 
8 347 133 99 82 0 129 38 57 1 93 108 55 107 76 83 48 306 363 262 135 1099 343 273 159 
9 347 136 101 76 0 130 37 58 1 94 108 55 107 76 84 48 260 366 273 137 1064 341 321 167 
10 349 133 100 83 0 130 37 58 1 93 108 56 107 76 84 49 224 363 265 136 1041 346 340 161 
11 351 134 99 80 0 130 37 58 107 76 84 49 0 93 109 55 176 368 270 127 1019 346 354 164 
12 350 133 101 82 0 130 37 58 107 76 85 49 0 93 110 56 118 367 293 132 998 343 383 170 
13 352 132 99 82 72 361 306 134 0 130 37 57 107 76 85 49 0 93 111 56 978 345 390 160 
14 354 132 94 82 0 130 39 57 106 76 85 49 0 94 111 56 15 359 308 136 959 342 388 165 
15 351 133 98 79 107 75 84 49 0 94 111 55 0 130 38 56 4 361 273 142 929 341 412 168 
16 107 76 84 48 7 375 218 120 351 135 98 76 0 95 110 53 0 129 39 56 916 335 394 180 
17 107 76 83 49 0 95 110 53 0 129 39 57 352 136 96 75 0 381 194 116 896 338 385 173 
18 107 76 83 48 0 95 110 54 0 379 139 120 0 128 39 58 352 137 94 76 860 339 407 171 
19 0 371 102 140 107 76 82 48 0 95 110 54 0 129 39 58 353 137 94 77 839 340 397 180 
20 107 76 83 48 0 95 110 53 0 659 98 163 0 128 39 58 353 137 93 76 791 338 425 176 
21 3 649 126 158 106 76 84 49 0 95 110 53 0 128 40 58 352 138 94 75 763 340 421 174 
22 1 639 157 160 107 76 83 49 0 95 110 53 351 138 96 74 0 128 40 58 730 343 435 162 
23 106 77 84 48 0 630 206 173 352 137 96 75 0 95 109 53 0 128 40 59 698 328 429 183 
24 106 77 85 47 351 137 97 74 0 95 109 52 0 128 41 59 0 625 233 170 655 335 452 172 
25 1309 412 65 91 106 77 85 47 0 95 109 52 351 137 98 74 0 128 41 58 0 608 257 187 634 336 428 171 
26 1280 405 93 109 105 77 86 47 0 596 289 206 0 96 109 52 351 138 97 72 0 128 42 58 607 329 418 180 
27 105 77 87 47 351 138 96 72 0 96 108 52 1257 404 116 109 0 128 42 59 0 582 319 242 564 335 427 176 
28 105 77 88 47 350 138 98 73 0 96 109 52 0 128 42 59 4 582 335 240 1229 395 147 120 525 335 434 176 
29 104 77 88 47 352 138 96 72 0 96 109 52 1200 384 178 132 15 575 346 240 0 129 42 58 484 337 437 174 
30 105 76 88 48 0 96 109 52 352 138 97 73 0 129 42 58 443 340 432 163 14 563 375 226 1175 381 208 127 
31 106 76 86 47 0 96 109 52 353 138 96 74 0 130 42 58 21 556 412 220 1149 380 229 137 413 341 431 165 
32 105 77 87 46 0 96 109 51 353 138 95 73 1131 374 234 136 0 129 42 58 374 338 420 165 58 548 394 217 
33 0 96 109 51 106 77 85 47 350 138 102 73 0 129 42 58 99 540 370 207 1096 379 272 127 326 335 430 173 
34 350 138 102 72 0 96 108 51 106 77 86 48 0 129 42 58 113 530 397 206 1066 381 300 129 289 344 431 161 
35 353 138 97 74 0 96 109 51 104 77 89 48 0 129 42 57 159 525 368 199 1034 379 329 138 246 343 417 168 
36 352 138 99 74 0 96 108 51 105 77 87 48 182 508 386 221 0 129 41 57 1009 381 349 134 204 343 427 165 
37 353 138 96 73 0 95 108 51 105 77 88 49 222 519 365 181 0 129 42 57 179 332 399 176 972 375 353 143 
38 352 138 96 74 105 76 87 50 0 95 110 52 0 129 41 57 244 508 367 182 939 375 353 142 116 330 444 180 
39 353 138 96 74 105 76 88 51 0 95 111 52 77 320 445 187 0 128 42 57 271 498 379 199 911 376 346 141 
40 353 139 95 74 0 94 113 53 105 76 89 50 0 129 42 57 305 489 361 201 875 377 343 143 44 330 422 174 
41 353 139 95 73 1 94 110 52 336 490 349 180 105 77 88 49 0 129 42 57 18 328 417 180 836 377 351 140 
42 2 94 109 53 353 139 94 74 105 77 88 49 0 129 42 58 358 485 374 190 801 378 347 141 0 332 395 169 
43 0 95 111 52 353 139 95 74 104 77 89 49 0 129 44 58 407 482 336 183 754 377 375 143 0 328 359 172 
44 353 139 95 75 0 95 112 53 104 77 89 49 0 130 44 58 439 472 332 184 710 376 364 141 9 320 301 182 
45 353 138 96 76 105 77 88 49 1 95 108 52 0 129 43 59 462 476 353 169 4 329 268 169 680 369 352 153 
46 619 372 376 138 353 138 96 77 2 95 106 53 105 77 88 49 0 130 42 58 486 466 375 187 4 333 217 164 
47 1 95 108 53 107 76 84 50 353 138 97 77 0 129 42 59 600 364 351 144 1 330 182 171 518 471 354 171 
48 0 327 135 171 553 372 354 135 0 95 112 53 353 138 97 76 107 77 84 49 0 130 42 58 555 465 333 182 
49 0 96 114 52 353 139 97 76 107 77 84 48 0 333 96 160 584 470 321 154 0 129 41 59 503 370 369 134 
50 0 96 114 53 352 138 97 75 106 77 86 48 610 449 363 170 0 128 41 60 466 371 351 131 
51 0 96 114 53 352 138 97 76 632 455 371 149 107 77 85 48 0 129 40 60 412 369 367 137 
52 0 96 113 52 352 139 97 75 106 78 86 47 0 129 42 59 694 452 309 153 366 369 367 138 
53 0 96 113 52 353 139 97 75 106 77 86 48 0 129 42 58 713 451 322 157 319 367 373 136 
54 0 96 114 52 353 139 97 75 106 78 87 47 0 129 43 58 755 451 296 156 263 368 386 137 
55 0 96 115 52 0 684 97 194 353 139 97 75 105 78 87 47 0 129 43 59 787 447 298 161 217 370 383 137 
56 1297 405 76 102 6 679 121 154 0 96 115 52 352 138 98 77 106 77 86 48 0 129 43 59 180 376 368 126 828 448 286 157 
57 377 32 52 40 4 659 166 182 0 96 114 53 352 138 98 76 106 77 85 49 1259 398 116 116 0 129 42 59 853 450 292 157 138 370 357 131 
58 374 31 54 40 0 96 112 52 352 138 97 76 106 77 86 50 0 129 42 59 3 651 210 184 1225 377 152 135 875 451 299 153 87 371 364 132 
59 369 31 53 40 0 96 114 52 352 139 97 76 106 77 85 49 0 129 42 60 1184 370 195 139 38 369 375 135 13 636 231 194 912 450 284 147 
60 362 32 54 42 1158 367 219 137 0 628 302 207 0 96 114 52 352 138 96 76 106 76 86 50 0 128 43 60 942 449 292 148 10 372 350 128 
61 1104 372 263 124 352 33 57 43 0 96 112 52 107 76 85 50 352 138 97 76 965 447 302 157 0 129 42 60 0 362 323 135 9 615 315 220 
62 346 34 60 42 106 77 85 51 0 96 112 52 352 138 96 75 0 370 274 131 1078 365 296 127 0 129 41 59 994 442 321 161 4 607 356 226 
63 341 34 61 42 7 374 215 130 105 77 86 51 1039 430 296 181 1063 359 297 138 0 97 112 51 353 139 96 75 0 129 41 59 5 594 394 259 
64 333 34 67 42 106 77 85 50 0 97 112 51 1027 358 322 133 352 139 96 74 0 129 42 58 1043 438 325 168 4 374 174 129 0 584 422 265 
65 330 35 67 44 106 77 85 50 0 97 112 51 12 586 413 251 352 139 97 74 0 130 42 58 0 377 141 120 997 355 336 142 1071 458 317 143 
66 329 36 63 45 0 586 480 227 106 77 84 51 0 370 101 130 0 97 112 51 352 139 97 74 0 130 42 58 1132 450 258 153 973 358 338 146 
67 325 39 63 42 23 576 486 232 107 78 84 50 1 96 111 51 939 358 329 149 352 139 97 74 0 129 42 59 1171 448 205 155 
68 321 40 64 41 1195 455 200 145 106 78 85 50 1 97 111 51 352 140 96 74 0 130 42 59 56 564 497 221 916 356 310 152 
69 317 40 63 42 107 78 84 50 1 97 111 51 352 140 95 73 0 130 42 59 1230 450 149 158 890 353 297 152 111 552 463 219 
70 1264 445 119 167 313 40 63 42 107 78 84 50 1 97 111 51 353 141 95 73 0 130 43 59 155 541 441 221 847 358 318 145 
71 1295 469 78 127 305 42 66 41 106 78 84 49 1 97 111 51 353 141 95 73 0 130 43 59 198 538 414 216 821 358 316 142 
72 302 43 65 41 1 97 111 51 106 78 84 49 352 141 95 73 793 354 328 147 0 130 42 58 217 531 435 214 
73 299 45 60 40 1 97 111 51 106 78 85 48 351 141 96 72 0 130 43 58 252 527 426 211 777 353 322 141 
74 294 46 60 39 1 97 112 50 106 78 85 48 352 141 95 72 0 130 43 59 278 515 434 215 759 347 319 147 
75 0 97 112 51 106 78 85 48 288 49 62 37 330 509 399 215 352 140 95 73 0 130 43 59 742 344 316 148 
76 1 98 111 50 106 78 85 48 352 140 95 73 283 51 63 37 0 130 43 58 727 337 323 156 355 514 401 189 
77 352 139 96 73 1 98 111 50 107 78 84 48 0 130 43 59 278 52 67 37 395 491 399 221 712 347 308 145 
78 1290 409 95 103 352 139 97 73 1 98 111 50 107 78 84 48 0 130 43 58 273 52 70 36 701 346 299 148 420 495 400 206 
79 352 140 96 71 2 98 110 50 107 78 84 48 267 53 71 36 0 130 43 58 1253 403 127 108 683 342 306 152 457 496 388 196 
80 3 699 82 207 263 53 71 37 352 140 96 71 2 98 110 50 107 78 84 48 0 130 43 58 670 335 310 159 473 488 421 189 1221 387 165 128 
81 262 53 63 37 1 702 151 172 353 141 95 71 2 98 110 50 632 336 352 151 107 78 83 48 0 130 43 58 1189 386 199 133 511 490 400 178 
82 6 674 183 192 259 54 67 40 2 98 110 50 536 477 422 181 107 78 83 48 353 140 96 72 0 130 44 58 637 335 329 151 1167 385 214 127 
83 1140 382 237 135 2 98 110 50 353 140 96 73 108 78 82 49 254 56 70 41 0 130 43 59 633 335 310 148 0 667 243 204 571 477 411 177 
84 2 98 110 50 0 651 286 244 353 140 96 74 609 479 393 176 108 79 82 50 0 131 44 59 1113 387 256 124 250 58 72 42 628 337 306 140 
85 2 99 109 50 109 79 81 50 349 139 102 75 0 632 322 282 0 131 44 59 657 467 373 191 623 338 299 138 246 59 73 42 1087 386 281 127 
86 1 98 110 51 352 141 98 73 109 79 80 51 0 131 43 59 613 334 293 138 0 625 360 254 689 458 364 204 242 60 75 42 1060 386 303 130 
87 0 607 398 297 1 99 110 50 591 332 311 144 352 142 97 72 109 79 79 51 0 131 43 59 705 466 389 188 238 60 76 41 1029 384 330 135 
88 579 331 329 144 1 594 413 306 2 99 109 50 1008 380 339 136 353 141 96 72 109 80 80 50 0 131 43 59 234 61 77 41 752 466 360 180 
89 771 465 365 174 2 99 109 50 581 333 296 136 0 606 475 259 353 141 96 72 0 132 43 58 109 80 81 50 1005 382 307 135 229 61 79 41 
90 2 99 110 50 353 142 96 72 576 331 297 132 966 382 316 141 0 587 514 257 0 132 43 59 224 62 79 41 109 82 81 48 805 462 371 173 
91 914 383 377 139 222 62 76 41 2 100 110 50 566 329 294 132 353 143 95 72 0 132 43 59 109 82 80 48 4 578 537 255 837 465 350 173 
92 222 64 67 44 2 100 109 50 563 313 287 149 861 466 336 182 911 380 360 139 354 143 94 71 0 133 43 58 109 82 81 48 55 575 509 271 
93 94 557 494 267 220 64 68 44 2 100 109 50 891 466 365 178 556 318 287 140 902 384 329 133 109 82 80 48 0 133 43 58 354 144 94 71 
94 137 561 475 231 945 467 361 177 3 100 110 50 217 64 69 44 110 82 80 48 0 133 43 58 869 392 344 122 354 145 94 72 551 320 285 135 
95 3 100 110 50 540 320 295 135 971 454 357 192 0 133 43 58 110 82 80 48 354 145 94 73 214 65 71 43 857 390 326 137 194 550 442 229 
96 1005 462 337 178 3 100 109 50 0 133 43 58 110 82 80 49 354 145 95 73 538 313 298 144 219 545 454 222 211 65 73 43 831 389 348 139 
97 3 100 110 50 534 314 297 139 110 83 79 48 354 146 96 72 0 133 43 58 1045 458 332 178 207 66 74 42 800 391 352 140 268 532 419 239 
98 530 312 291 139 3 100 110 50 289 527 462 227 1087 457 282 182 353 146 97 72 110 83 78 48 0 133 43 58 205 66 72 43 777 389 354 144 
99 516 313 284 139 3 100 110 50 1102 460 275 175 354 145 96 72 110 83 77 48 0 133 44 58 204 67 72 43 336 511 415 236 745 387 364 144 
100 1156 451 218 163 515 310 280 143 3 101 110 50 353 145 96 71 110 84 77 48 0 133 44 58 203 67 71 43 370 507 414 227 723 387 350 145 
101 2 101 110 49 354 145 95 72 110 84 77 48 0 134 45 58 202 68 70 43 397 493 423 233 707 391 338 139 
102 3 101 110 49 354 144 94 74 111 83 76 48 0 134 44 58 201 68 70 43 445 493 410 229 659 390 366 139 
103 3 101 110 50 354 144 94 75 111 83 77 48 0 134 44 58 199 68 71 43 463 494 424 225 654 392 332 136 
104 3 101 110 50 354 144 95 76 110 84 77 48 0 135 44 57 614 393 362 129 199 68 71 44 492 488 412 227 
105 3 101 110 49 586 390 370 136 354 144 95 75 0 135 44 57 110 84 78 48 531 478 389 226 198 68 71 44 
106 566 392 363 136 525 309 185 117 1285 403 95 110 1 682 86 202 2 101 111 50 355 145 95 74 0 136 44 56 559 459 394 221 111 84 77 48 198 68 72 43 
107 512 304 197 118 2 679 133 185 2 102 112 49 356 146 94 73 1254 397 129 122 523 383 383 145 0 136 44 56 198 68 71 43 110 85 79 47 593 484 397 195 
108 495 296 209 125 1 102 112 49 355 145 95 74 3 648 186 205 0 136 45 55 198 69 72 43 625 476 397 225 110 85 79 46 489 381 382 153 1221 384 160 134 
109 477 289 234 123 1 102 113 49 353 143 100 75 0 137 45 55 199 69 72 44 110 85 80 46 1174 378 223 133 474 385 360 149 670 470 366 222 5 643 230 199 
110 473 296 228 105 0 102 114 49 354 143 98 75 0 137 45 55 198 69 72 43 1151 378 235 143 702 459 373 227 7 632 271 212 110 85 81 46 443 387 354 147 
111 0 102 114 49 355 145 96 74 477 294 214 102 0 137 44 55 198 69 72 43 1121 375 258 142 402 385 365 152 110 85 82 46 734 462 355 209 4 616 330 231 
112 0 102 115 49 355 145 97 75 0 137 44 54 467 285 211 111 199 69 72 43 109 86 83 45 769 465 354 192 1087 376 301 143 3 605 376 270 363 386 373 148 
113 1 103 115 48 355 146 96 75 0 137 45 54 337 389 365 146 199 69 73 43 464 278 204 122 110 86 83 45 0 590 413 293 1052 372 323 148 793 469 380 191 
114 0 103 117 48 4 588 426 279 355 146 96 75 1004 372 359 149 0 137 45 54 199 68 73 43 469 277 181 118 110 86 84 45 830 468 384 187 298 388 368 146 
115 355 146 96 75 1 103 116 48 469 274 174 115 0 137 45 55 0 578 491 255 199 69 72 43 110 87 84 44 259 386 379 149 977 369 342 153 859 468 396 190 
116 355 146 97 76 1 102 116 48 946 376 337 137 0 137 45 55 18 567 499 254 200 68 72 43 903 463 374 186 454 272 184 115 112 87 83 45 226 386 373 148 
117 361 142 92 83 1 102 115 49 79 556 457 270 0 137 45 55 200 68 72 44 921 380 331 131 925 461 391 186 186 385 382 148 112 87 82 45 452 265 183 117 
118 2 102 115 50 361 142 92 83 112 547 475 245 0 137 45 55 200 69 72 43 172 387 350 148 986 466 354 182 113 87 83 45 439 266 189 111 884 381 322 134 
119 3 102 115 50 361 142 92 83 0 137 45 56 200 69 72 44 1002 451 369 202 426 264 195 112 174 533 436 242 116 390 378 139 113 87 83 45 853 370 314 137 
120 3 102 113 50 361 142 92 83 422 259 183 112 0 137 45 56 199 69 73 44 207 526 453 238 83 393 372 133 1049 454 325 199 114 86 82 45 814 370 318 149 
121 3 102 114 51 361 143 91 83 31 390 391 130 0 138 45 55 199 69 72 44 419 255 180 112 114 87 83 45 1089 453 287 197 249 527 455 227 770 368 339 156 
122 3 102 113 51 362 144 91 84 0 137 45 56 199 69 72 44 279 517 461 226 114 87 83 45 1106 451 271 192 411 248 179 117 9 391 358 136 729 372 342 148 
123 3 102 115 51 1139 457 241 176 361 145 92 85 0 138 45 55 198 69 73 44 113 87 83 45 403 243 173 117 340 511 411 223 0 392 337 131 693 366 337 154 
124 2 102 115 50 361 145 93 84 0 138 45 55 382 506 408 225 198 69 73 44 0 390 294 136 397 240 171 112 1172 459 213 176 651 367 342 151 113 87 83 45 
125 1187 458 208 173 3 102 115 50 362 146 92 84 0 138 45 55 199 68 73 44 0 393 266 133 389 237 174 110 603 364 347 149 113 87 84 45 405 502 430 212 
126 361 145 92 84 2 102 116 50 1228 457 166 177 544 367 378 141 0 138 45 55 199 68 73 44 2 391 206 137 113 87 83 46 443 500 417 203 375 235 183 108 
127 1254 457 140 172 361 143 92 84 3 102 115 50 0 138 45 54 199 68 73 45 0 399 172 126 523 367 343 146 114 87 83 46 362 231 182 111 482 492 404 202 
128 357 149 94 71 1297 471 90 148 2 102 116 50 356 230 179 108 3 403 124 131 483 375 354 126 0 138 45 53 200 68 72 44 114 87 82 46 507 491 416 201 
129 357 149 94 70 2 102 116 50 0 399 95 126 0 138 45 54 200 68 72 45 358 227 162 103 113 86 82 46 455 375 328 128 551 483 401 198 
130 357 151 93 68 2 102 117 50 0 138 45 54 199 68 72 45 349 222 159 104 113 86 83 46 423 369 302 138 584 478 404 189 
131 358 152 92 69 2 102 115 50 0 137 46 55 199 68 72 44 342 226 152 92 619 475 401 197 113 87 83 45 367 369 320 142 
132 361 143 92 84 1 102 115 50 332 218 155 92 0 137 46 56 200 69 71 45 113 86 83 45 647 471 394 204 320 364 336 142 
133 1262 404 123 114 354 148 97 79 1 102 115 50 0 137 45 56 200 69 71 44 684 469 390 197 282 361 326 147 321 219 151 90 113 86 82 45 
134 351 147 101 80 1 102 115 50 0 137 45 55 200 69 71 44 1225 398 159 124 112 87 83 45 308 216 153 85 711 468 397 185 232 365 342 142 
135 365 140 90 80 2 102 114 50 0 138 45 55 200 69 71 44 1175 389 215 132 112 87 83 45 296 209 157 93 194 366 332 142 756 469 372 190 
136 366 142 88 79 2 102 114 49 0 137 45 55 1140 388 243 131 200 69 71 44 286 211 160 85 113 87 82 45 150 360 326 146 791 472 364 174 
137 369 144 81 78 2 102 114 50 0 138 44 55 200 69 71 44 1095 383 287 136 113 87 82 45 280 208 159 87 102 363 333 145 812 468 380 181 
138 369 143 82 77 2 102 114 50 0 138 45 55 199 69 72 44 1066 385 305 140 853 461 368 182 270 205 157 87 113 87 83 45 50 357 354 146 
139 368 142 83 76 2 102 115 50 1015 378 341 150 0 137 46 56 199 69 72 45 259 208 160 76 113 87 82 45 867 466 395 171 4 362 357 145 
140 368 143 83 77 2 102 116 50 263 196 141 91 0 137 45 56 199 69 72 45 895 467 390 162 973 381 343 130 113 87 82 45 0 353 320 151 
141 365 142 86 78 1 102 117 50 937 378 321 129 0 137 46 56 943 465 358 172 200 69 72 45 253 193 141 90 0 366 275 136 113 87 83 45 
142 365 140 86 80 3 103 113 50 6 373 217 130 989 459 331 188 0 137 45 56 200 69 72 45 878 383 349 127 114 88 83 45 243 189 138 90 
143 359 148 91 72 992 467 388 166 3 103 114 50 0 137 45 56 199 69 72 45 114 87 83 46 237 192 131 86 1 367 173 142 834 387 349 124 
144 362 141 90 79 2 103 116 50 0 137 45 55 199 69 73 45 0 367 132 139 234 191 126 82 1037 462 344 174 114 87 84 47 800 386 328 133 
145 362 143 91 78 3 103 115 50 0 382 93 117 0 137 45 56 199 69 73 45 228 184 128 93 114 87 84 47 1074 458 308 183 746 383 357 138 
146 3 102 114 51 362 143 91 78 0 138 44 55 199 69 74 46 114 87 84 47 224 181 124 91 1091 453 297 186 704 385 344 131 
147 3 102 116 51 362 143 91 77 0 138 46 55 199 69 73 46 1109 451 279 185 113 87 84 47 224 176 117 92 651 385 353 132 
148 2 102 116 51 362 143 91 78 0 138 46 55 200 69 73 46 1140 452 246 169 220 172 112 91 114 87 83 47 609 374 350 143 
149 3 102 116 50 0 138 46 54 362 143 91 78 218 167 106 86 200 68 73 47 1162 456 223 174 556 377 371 139 114 87 83 46 
150 1198 444 182 180 217 161 99 87 3 102 115 51 362 143 90 79 0 138 46 54 200 68 74 47 113 87 84 46 523 376 328 145 
151 3 102 116 51 1232 441 154 188 361 144 92 77 0 138 47 54 216 162 95 83 199 68 75 47 112 87 85 46 465 381 361 134 
152 1254 442 138 181 3 102 116 51 361 144 92 78 0 139 46 54 199 67 75 47 217 159 90 83 112 87 85 47 423 378 344 138 
153 1268 404 108 98 1289 442 94 166 2 102 117 51 361 144 92 79 0 139 46 54 218 156 85 81 199 68 74 47 112 87 85 47 368 380 363 132 
154 1319 458 72 138 3 102 116 51 361 144 93 78 218 155 83 79 0 138 46 54 1229 394 147 117 200 67 73 47 111 87 85 46 315 376 375 135 
155 3 102 115 51 362 144 91 78 219 153 81 76 0 138 46 55 199 68 73 47 112 87 84 47 1180 381 202 131 256 381 389 131 
156 219 147 80 77 3 102 114 51 361 145 92 77 0 138 46 55 200 68 72 47 1147 376 232 142 112 87 84 47 220 381 362 133 
157 361 145 93 77 219 141 81 77 3 102 113 51 0 139 46 54 200 68 72 47 112 87 84 47 1103 376 278 137 183 383 345 126 
158 219 136 81 78 360 145 93 77 3 102 112 51 0 138 45 54 199 69 72 47 112 87 83 47 127 376 350 137 1055 370 318 149 
159 220 135 81 77 361 144 93 78 3 102 112 51 0 138 46 54 199 69 73 46 1015 369 327 147 113 88 82 47 68 376 366 140 
160 225 130 75 77 3 102 114 51 361 144 93 79 0 138 46 54 198 69 74 45 114 88 82 46 22 377 364 143 972 368 322 152 
161 222 130 88 71 3 103 113 50 361 144 92 79 0 138 46 54 198 69 74 45 114 88 83 46 926 372 331 143 0 378 345 138 
162 3 103 113 50 360 145 94 78 0 139 47 54 226 126 87 68 199 69 75 45 0 377 301 131 114 89 84 46 882 375 329 143 
163 3 103 112 50 361 145 93 78 0 138 47 54 200 69 76 44 230 125 89 64 0 383 261 133 113 89 84 45 837 375 333 144 
164 3 103 112 50 361 145 92 77 0 138 46 54 200 69 76 43 791 369 333 149 235 122 89 62 0 379 207 140 113 90 82 44 
165 3 103 113 51 361 144 92 79 0 138 46 55 201 69 76 43 0 389 161 131 240 119 87 61 113 89 83 45 745 367 333 146 
166 3 103 113 50 361 143 92 80 202 69 76 44 2 399 111 115 0 138 46 55 244 116 86 61 113 89 83 44 698 366 341 149 
167 0 400 87 110 4 103 113 50 202 69 77 45 361 143 92 81 0 138 46 55 247 112 85 60 114 88 83 44 664 370 340 145 
168 1288 397 87 116 4 103 113 50 361 143 92 80 201 67 79 46 248 112 89 60 0 138 46 56 113 88 83 44 621 366 337 146 
169 4 104 114 50 361 143 92 81 200 66 80 46 0 138 46 56 254 113 87 63 1240 386 144 128 114 89 82 44 573 366 338 147 
170 416 18 34 35 4 104 114 50 361 144 92 79 200 67 80 46 0 138 46 56 264 110 84 62 1183 368 207 145 115 89 83 44 530 367 328 148 
171 410 17 39 33 4 104 114 50 361 144 92 78 200 68 78 46 0 138 46 56 1145 374 241 138 272 107 80 60 114 89 84 44 484 368 329 145 
172 3 104 114 50 404 17 43 31 362 143 91 80 277 99 77 62 201 68 78 44 0 138 45 56 1123 367 242 147 441 366 312 147 114 89 84 44 
173 4 104 113 50 402 18 43 31 362 143 91 80 0 139 46 55 201 69 77 44 283 95 78 60 114 89 85 44 1074 366 300 151 385 363 319 149 
174 4 104 113 49 362 144 91 79 399 18 46 31 0 139 46 55 201 69 77 44 289 96 78 57 115 88 83 44 1027 364 323 154 332 362 335 150 
175 295 92 72 56 4 104 112 50 363 144 90 79 397 18 48 32 0 139 46 55 201 68 77 44 116 88 82 44 282 363 339 146 990 366 299 154 
176 4 104 113 50 364 144 88 79 0 138 46 56 394 20 49 31 202 68 76 45 299 89 72 56 116 87 83 44 939 364 316 154 234 364 339 149 
177 389 21 48 30 4 104 113 50 364 144 86 80 0 138 46 55 199 68 77 45 306 82 75 58 116 87 83 44 197 364 323 151 898 366 315 151 
178 380 21 46 34 4 104 112 50 364 143 86 82 0 138 46 55 198 68 77 45 313 80 73 54 116 87 84 44 856 369 314 149 133 365 346 137 
179 5 104 111 50 373 21 51 34 364 142 87 83 0 138 46 55 197 68 78 46 321 80 71 52 116 87 83 44 816 367 307 149 84 368 337 141 
180 5 104 111 49 363 142 88 84 0 139 47 55 368 20 54 35 332 78 66 51 198 68 77 46 33 371 362 141 116 87 83 44 766 364 324 149 
181 4 104 112 49 339 76 71 58 363 142 88 84 0 139 47 55 364 21 54 35 199 68 77 46 726 365 323 145 116 87 84 44 15 367 317 141 
182 4 104 113 50 363 143 88 84 0 139 47 55 359 21 56 36 347 73 73 59 200 68 75 46 1 367 297 140 116 87 83 45 676 367 326 146 
183 353 70 69 60 4 103 114 50 354 24 57 36 0 139 47 55 364 143 88 84 200 68 74 46 3 371 254 138 116 87 83 44 641 363 315 147 
184 360 63 62 58 347 28 60 36 4 103 115 50 0 139 47 55 365 140 86 86 0 363 216 150 200 68 76 46 117 86 83 45 593 357 325 153 
185 342 30 62 35 364 63 60 54 4 103 114 50 0 139 46 54 365 141 87 86 201 68 76 46 0 373 163 136 117 86 83 45 553 360 314 152 
186 338 31 64 35 364 64 63 51 4 103 114 50 0 139 46 54 0 376 118 130 364 142 88 84 202 68 75 46 507 360 327 149 117 86 83 45 
187 338 28 59 34 367 62 61 46 2 380 63 122 4 103 113 50 0 139 46 54 363 143 89 84 202 68 75 46 117 86 83 45 466 361 323 149 
188 4 103 114 50 382 63 64 45 335 31 60 34 0 139 47 54 364 144 89 82 203 68 75 46 427 358 320 147 117 87 83 45 
189 4 103 113 50 391 60 60 44 0 139 47 54 364 145 90 81 203 68 75 47 330 31 59 34 117 87 83 45 384 363 319 141 
190 403 58 52 42 5 103 112 50 0 139 47 54 364 145 91 81 203 68 75 46 325 32 56 32 117 86 83 45 341 365 325 137 
191 410 55 42 42 5 103 112 50 0 139 47 55 364 145 90 80 321 33 55 33 204 68 73 46 117 86 82 45 297 363 318 145 
192 5 103 112 49 0 139 47 55 364 146 91 78 315 32 56 34 205 68 72 47 118 86 82 45 254 369 318 137 
193 4 103 113 50 309 33 57 35 0 139 47 55 363 146 91 77 205 68 72 46 203 364 321 138 118 86 81 45 
194 305 34 57 34 4 103 113 50 0 139 47 55 364 145 90 78 204 68 72 46 118 86 82 45 164 355 313 141 
195 298 34 57 34 5 103 112 51 0 139 47 55 364 145 90 78 204 68 74 46 115 354 319 146 119 86 81 45 
196 5 103 111 50 0 139 47 54 292 32 58 35 57 356 342 137 365 144 90 79 203 68 75 46 118 85 81 45 
197 5 103 111 50 0 139 48 54 287 33 58 34 365 144 90 79 204 67 75 46 19 363 326 142 119 85 81 45 
198 5 103 112 50 0 139 47 54 282 34 59 35 365 144 89 79 203 67 76 45 6 366 305 137 119 85 81 45 
199 4 103 114 50 0 139 47 54 274 34 63 36 0 365 271 134 365 144 89 78 201 67 78 45 119 85 81 45 
200 5 103 113 50 6 366 216 142 270 35 61 36 0 139 47 54 364 145 90 77 200 67 79 44 119 85 81 45 
201 268 36 60 34 4 102 114 50 0 139 47 54 1243 404 143 116 364 144 91 77 199 68 79 44 0 366 184 148 119 85 81 45 
202 265 37 62 33 5 102 113 50 0 139 47 54 2 371 128 141 364 144 90 76 1177 390 223 127 198 68 79 44 119 85 81 45 
203 259 35 65 38 5 102 113 51 0 138 46 54 0 374 86 129 364 144 90 77 1143 389 244 131 198 68 78 44 120 85 80 46 
204 258 36 63 37 5 102 113 51 0 138 47 55 199 69 73 43 364 144 91 76 1091 391 296 128 119 85 81 46 
205 253 39 58 33 5 102 114 51 0 138 48 55 202 70 70 43 365 144 90 77 119 85 81 46 1035 381 347 142 
206 247 41 56 32 5 102 114 51 204 70 70 43 0 138 47 55 364 143 90 77 119 86 82 46 984 378 350 143 
207 241 41 57 31 5 102 115 51 208 67 71 43 0 138 48 55 364 143 90 77 924 381 358 135 119 85 81 46 
208 236 41 57 31 4 101 115 51 0 138 48 56 210 65 72 43 365 143 91 77 119 86 81 47 869 383 361 136 
209 5 102 116 51 0 138 48 56 210 62 74 42 365 143 91 77 119 85 82 46 809 381 377 135 
210 5 102 116 51 0 137 48 56 209 60 75 42 365 143 91 76 119 85 82 46 754 377 384 138 
211 4 101 117 51 0 137 48 56 208 60 75 42 365 144 91 75 696 378 386 134 119 85 81 47 
212 410 16 40 32 3 101 119 51 0 137 49 56 206 61 75 41 365 144 91 74 119 85 81 46 640 379 380 137 
213 407 17 43 31 4 102 118 50 0 137 48 56 204 60 73 43 364 144 92 75 120 85 81 46 584 376 384 136 
214 404 18 44 30 3 101 118 51 0 137 48 56 203 59 72 43 364 144 92 75 120 84 81 47 541 375 367 136 
215 3 101 118 51 401 18 46 30 0 137 48 56 200 58 72 44 364 143 92 74 486 375 366 139 120 84 81 48 
216 3 101 119 51 397 18 49 30 0 137 48 55 198 59 72 43 364 143 92 74 120 83 80 48 438 374 368 138 
217 4 102 118 50 396 18 50 30 198 61 71 43 0 137 48 55 363 143 92 74 120 84 79 47 374 374 390 140 
218 179 48 62 38 3 102 119 50 199 62 69 45 394 20 50 31 0 137 48 55 364 143 92 74 316 369 389 140 120 85 79 47 
219 174 48 65 37 199 64 68 44 4 102 117 50 388 20 50 30 0 137 47 55 364 143 91 75 120 85 79 46 260 375 390 137 
220 383 20 52 30 167 49 68 37 200 65 69 46 4 102 117 51 0 137 47 55 365 144 90 74 119 85 78 46 214 375 370 138 
221 1290 417 104 108 160 50 72 37 376 20 53 31 5 102 116 51 201 66 69 46 0 137 47 56 365 143 90 74 120 85 77 46 158 375 376 137 
222 156 50 74 37 5 101 114 51 202 66 69 45 372 21 54 31 1247 401 151 108 0 137 47 56 365 143 90 74 97 382 385 126 120 85 77 45 
223 155 51 71 37 6 101 114 51 203 67 70 45 0 137 47 56 370 22 53 31 365 144 89 74 1195 387 201 123 119 84 77 46 43 377 374 136 
224 5 102 114 50 202 68 72 44 0 138 47 55 366 22 53 31 365 143 89 76 1160 386 233 127 119 84 77 45 13 379 349 138 
225 140 60 72 36 1122 378 253 137 6 102 112 49 0 138 47 54 203 68 73 44 363 23 52 31 364 143 90 77 119 82 77 45 9 379 304 135 
226 6 102 113 49 138 57 73 37 0 138 47 53 202 68 73 44 120 82 77 45 357 23 55 32 363 143 91 77 0 387 277 126 1086 390 308 127 
227 5 102 114 49 119 83 81 47 351 23 56 32 0 138 48 53 363 143 91 78 203 68 74 44 133 56 77 39 0 378 211 144 1045 381 339 134 
228 345 23 57 33 5 102 116 49 5 397 145 125 118 83 81 48 0 139 47 53 362 143 92 77 203 67 74 45 130 56 77 39 1007 375 323 143 
229 343 26 54 32 5 102 117 49 0 400 95 124 126 59 77 38 0 138 47 53 117 84 81 47 361 144 94 78 202 66 75 45 955 381 333 133 
230 339 28 54 34 119 64 78 37 4 102 116 49 0 138 47 53 362 145 93 77 202 66 75 46 115 84 83 46 905 380 344 133 
231 114 67 78 36 4 102 115 50 0 138 48 53 336 29 56 34 362 145 94 77 200 66 77 46 114 85 83 45 876 383 330 128 
232 102 68 81 37 4 102 116 50 0 139 48 53 363 144 94 78 331 29 56 33 115 86 81 45 200 66 77 46 838 380 335 130 
233 96 67 81 37 4 103 117 50 0 139 47 53 364 144 93 77 200 66 78 46 119 87 76 46 326 30 56 32 816 378 304 132 
234 90 67 81 37 5 102 115 50 0 139 47 53 364 144 94 74 200 65 77 46 122 87 72 46 320 30 58 33 772 373 329 128 
235 418 24 33 31 6 103 111 50 84 67 82 38 1 139 47 53 363 144 95 76 315 32 58 33 201 66 76 46 123 87 71 46 729 368 334 128 
236 414 24 37 31 6 104 110 49 78 66 85 39 1 139 47 53 361 144 96 77 311 31 58 34 201 66 75 45 123 87 72 46 700 365 326 126 
237 411 24 39 31 306 33 57 35 7 104 108 49 73 67 87 38 1 139 46 52 361 144 97 78 201 67 74 45 123 87 70 46 659 367 335 122 
238 302 34 56 34 71 67 87 38 406 24 42 30 6 105 106 48 1 139 47 52 360 143 98 78 201 67 75 45 123 88 70 45 641 362 313 123 
239 70 70 86 38 7 105 105 46 403 25 45 30 1 139 48 53 295 33 61 35 360 143 98 80 202 67 75 45 119 87 76 45 611 358 310 122 
240 61 67 81 39 9 106 104 46 1 138 48 54 399 26 46 31 360 143 97 81 292 31 59 35 201 68 75 45 589 348 307 130 119 87 77 46 
241 12 106 99 45 53 67 85 40 0 139 48 54 395 27 48 32 361 142 96 83 289 31 59 35 202 68 75 44 118 87 77 46 566 348 302 128 
242 13 106 98 44 48 67 87 40 390 27 47 32 0 139 48 54 361 141 96 84 282 32 64 36 202 68 76 44 548 348 294 122 117 86 79 45 
243 13 103 99 46 386 28 49 34 43 67 88 39 0 139 48 55 361 141 96 85 274 34 69 36 202 68 76 44 522 345 305 119 117 86 81 45 
244 378 29 49 34 13 101 99 45 38 69 90 39 0 139 48 55 271 36 68 36 362 140 96 84 200 69 77 43 509 340 289 120 117 86 81 45 
245 13 98 101 45 34 71 92 38 375 29 49 35 0 138 49 55 267 37 66 34 498 340 282 115 200 69 78 43 363 142 94 83 118 86 81 45 
246 30 73 93 38 263 39 68 34 476 337 285 114 13 94 101 45 0 138 50 56 372 30 49 34 363 141 94 82 200 70 80 42 118 85 81 45 
247 262 37 63 36 12 91 101 46 0 138 50 56 461 329 275 116 369 30 50 34 199 70 78 42 363 141 93 82 118 86 81 45 
248 257 38 67 35 10 89 103 46 0 138 51 56 444 328 279 108 364 32 54 34 200 70 74 42 363 141 95 82 118 86 81 45 
249 255 39 66 34 9 87 103 47 0 138 52 56 202 71 70 42 357 33 55 33 363 141 95 83 438 320 253 119 118 86 80 45 
250 250 40 66 34 0 139 51 55 9 85 101 47 204 71 69 42 351 34 57 34 415 320 265 110 362 142 96 82 119 86 79 45 
251 246 44 67 35 344 35 56 33 208 71 68 41 0 138 51 56 9 84 101 49 363 141 95 82 407 313 254 112 119 86 79 45 
252 237 44 66 36 344 35 52 34 1275 389 120 134 211 69 68 41 0 138 52 57 9 84 102 51 362 141 95 82 393 306 255 113 118 86 79 45 
253 340 35 52 37 0 139 52 56 213 66 68 42 9 84 99 51 362 142 95 82 387 300 236 116 1230 370 160 163 119 86 79 45 
254 338 36 53 36 0 139 53 56 1195 376 189 155 212 63 71 41 8 84 99 50 362 143 95 81 395 294 199 113 119 86 79 45 
255 334 38 53 34 0 138 53 56 212 60 73 41 363 143 94 82 7 86 98 49 375 289 220 116 1152 378 241 152 120 87 78 45 
256 0 138 52 56 329 39 54 33 362 144 94 81 211 59 74 41 5 86 99 49 365 291 213 105 1111 374 269 153 120 86 77 45 
257 323 40 54 33 0 138 51 57 363 145 93 81 4 87 100 48 210 59 74 42 1075 375 280 151 355 287 201 103 121 85 77 46 
258 317 41 56 33 0 138 51 56 363 146 93 81 2 88 102 47 346 279 200 103 207 59 75 41 121 85 77 46 1035 372 263 155 
259 314 41 57 33 0 138 51 56 363 146 93 81 1 89 102 46 203 59 75 41 347 274 179 106 121 85 77 46 1001 367 261 163 
260 311 41 56 34 0 139 51 56 362 144 94 84 0 89 103 46 203 58 74 42 340 271 177 105 121 85 77 47 963 359 255 172 
261 305 43 60 36 0 139 50 55 361 145 95 83 0 90 103 45 332 261 170 108 203 59 72 41 926 371 269 160 120 85 77 46 
262 0 139 50 55 362 144 95 82 0 91 103 45 324 257 172 106 200 60 72 43 121 85 76 47 891 373 258 160 
263 300 44 56 36 0 139 50 55 362 144 94 81 0 91 103 45 199 61 71 43 310 258 171 96 120 84 76 47 855 374 265 158 
264 183 51 62 38 296 44 56 36 0 140 50 55 363 143 93 83 198 63 69 44 0 91 100 45 300 255 168 89 119 84 76 48 821 366 258 166 
265 178 51 66 38 291 44 60 37 0 140 49 55 198 64 69 44 363 142 93 83 0 91 101 45 296 252 159 86 119 85 76 48 793 366 264 159 
266 175 51 67 38 0 140 50 55 200 65 68 44 296 249 152 83 285 44 63 38 363 142 94 83 0 92 100 45 745 365 289 162 119 86 76 48 
267 203 67 67 44 0 140 50 55 170 51 71 38 281 44 64 39 281 244 159 81 362 142 93 82 0 92 100 45 119 86 77 47 726 371 264 157 
268 203 68 68 44 0 140 50 56 166 52 70 36 270 232 156 93 277 45 65 39 0 92 100 45 363 143 92 80 118 86 77 47 705 373 247 149 
269 412 18 35 34 202 68 69 44 0 139 50 56 164 51 71 35 274 44 65 40 0 92 99 45 264 233 150 85 364 143 91 79 118 86 76 47 671 368 255 162 
270 411 19 37 35 202 69 70 43 0 139 51 56 161 51 70 35 271 43 64 42 266 231 140 78 0 92 99 45 364 143 91 78 119 85 76 47 647 368 261 158 
271 409 19 39 35 204 70 68 42 161 52 68 34 0 139 51 56 269 44 65 41 0 92 100 45 364 142 90 78 255 227 143 77 118 85 76 47 614 367 274 157 
272 409 20 39 34 203 71 70 41 159 53 69 34 0 139 51 56 268 45 65 40 0 92 99 45 364 143 90 77 251 222 138 76 118 85 77 47 585 362 280 164 
273 155 54 69 33 203 72 72 40 0 140 51 56 408 20 40 35 265 46 65 40 0 93 100 44 364 143 91 77 246 218 133 73 118 86 77 45 570 364 276 161 
274 143 62 72 33 154 53 68 34 264 46 65 39 205 73 73 39 0 140 51 55 406 21 41 34 242 212 126 74 0 93 99 43 363 144 92 77 118 86 76 44 549 367 276 159 
275 143 61 72 34 243 201 109 82 204 73 73 39 0 140 50 55 405 23 40 35 0 93 99 42 364 144 92 77 120 86 75 43 526 365 283 163 
276 1308 425 84 100 246 198 101 85 0 140 51 54 205 73 74 40 141 60 73 34 403 24 41 35 0 93 99 42 364 145 92 78 121 87 75 43 510 365 268 160 
277 255 52 68 34 1285 423 106 100 0 141 50 54 207 74 75 39 139 59 75 34 235 195 108 82 402 24 41 34 0 93 98 42 364 145 91 78 121 89 76 43 495 369 265 153 
278 253 52 69 34 207 73 74 39 0 141 51 54 1253 407 140 110 231 191 107 79 400 24 42 34 136 58 77 35 0 93 99 43 120 90 77 43 365 145 91 80 479 368 270 156 
279 252 52 69 35 0 141 50 53 207 73 74 40 236 189 95 76 397 24 42 35 119 91 79 45 0 93 99 43 132 57 80 36 364 145 91 79 1226 402 167 114 466 366 268 158 
280 0 141 50 53 250 52 67 35 208 72 74 41 392 26 44 34 229 185 97 76 119 91 80 47 0 93 100 43 129 57 81 36 364 145 91 78 1200 399 196 114 451 366 267 154 
281 388 28 45 34 0 141 50 53 247 52 67 36 208 70 76 43 226 179 97 73 124 59 83 36 0 93 100 43 118 90 81 47 364 145 92 79 1170 397 235 120 439 363 270 157 
282 380 32 47 34 0 141 51 52 244 53 66 37 226 174 94 74 207 70 78 43 118 62 87 35 0 93 99 43 365 145 90 79 117 89 83 48 1149 395 253 122 431 363 270 155 
283 239 53 66 37 225 170 88 71 0 141 51 53 378 32 49 35 113 65 88 34 210 69 78 43 0 93 99 43 365 145 89 79 116 88 85 48 1135 392 255 126 419 363 273 155 
284 235 53 64 38 110 66 88 33 0 141 51 52 228 168 83 70 210 68 78 43 375 33 51 35 0 94 98 43 366 145 88 80 114 87 85 48 1108 395 281 125 406 365 273 156 
285 233 54 63 38 108 66 88 34 0 141 50 52 211 68 77 42 229 164 88 70 372 32 51 34 0 94 98 43 365 145 88 80 115 87 83 48 1080 392 315 129 397 363 273 160 
286 232 54 62 37 103 68 83 37 0 141 50 52 212 67 77 42 0 94 97 43 369 32 51 35 232 161 89 65 365 145 88 80 116 87 82 48 384 362 279 161 1056 387 325 136 
287 103 68 81 36 0 141 50 52 211 66 77 42 0 95 98 43 367 32 52 35 365 144 88 80 234 157 89 61 117 88 81 48 381 362 278 160 1031 385 341 139 
288 102 69 81 36 0 141 50 52 211 65 77 42 0 96 98 43 364 32 52 35 235 148 95 62 365 145 88 81 115 89 83 47 377 368 269 150 1022 384 328 140 
289 101 69 81 35 0 141 50 52 241 144 91 60 0 96 98 42 211 64 76 41 361 33 53 34 364 144 89 80 117 89 80 47 1000 384 336 137 366 369 278 147 
290 0 141 50 53 100 69 80 35 246 135 91 66 0 96 97 42 211 63 73 41 358 33 55 34 364 144 90 81 118 88 76 47 986 385 328 134 361 369 282 146 
291 0 141 49 53 98 69 79 35 256 135 84 62 0 95 97 43 211 61 71 42 354 34 57 33 363 145 91 80 121 88 73 47 965 390 326 129 359 367 281 146 
292 0 140 49 54 95 69 79 35 0 95 98 43 349 35 58 33 363 144 91 82 209 61 72 42 122 88 72 46 261 133 85 59 944 387 338 131 356 366 283 147 
293 0 140 49 54 94 70 78 35 346 35 58 34 0 95 97 43 363 144 92 82 122 89 71 45 206 60 75 42 269 131 83 58 926 389 341 129 353 365 283 147 
294 0 140 49 55 343 35 58 35 92 70 76 35 362 144 93 82 0 95 98 43 122 89 71 46 204 61 77 42 273 129 87 56 901 386 358 131 354 364 277 147 
295 341 34 57 36 0 140 49 55 89 70 75 36 361 144 94 80 0 95 98 43 123 88 70 46 203 61 80 42 281 123 85 56 894 390 344 126 355 365 271 149 
296 341 35 57 36 298 121 73 50 0 140 48 55 88 70 74 36 361 144 94 79 0 95 98 43 123 88 70 46 201 62 81 42 356 364 270 151 888 387 325 129 
297 336 35 64 38 0 140 48 55 88 70 74 36 362 144 92 76 0 95 98 43 122 88 70 46 301 117 81 50 200 62 83 41 877 387 323 131 355 366 268 152 
298 0 140 48 55 86 70 74 36 334 34 64 40 363 144 89 76 0 96 99 43 314 112 82 50 123 88 70 46 199 63 84 42 863 386 328 135 355 366 269 153 
299 323 111 77 47 0 140 48 55 85 70 75 36 363 145 89 78 333 34 63 39 0 97 100 44 122 88 71 46 198 63 82 43 851 387 330 134 358 364 265 155 
